DES KEY DETAILES:

KEY:
0001001100110100010101110111100110011011101111001101111111110001	



ALL SUBKEYS:
000110110000001011101111111111000111000001110010	1B02EFFC7072	027 002 239 252 112 114 

011110011010111011011001110110111100100111100101	79AED9DBC9E5	121 174 217 219 201 229 

010101011111110010001010010000101100111110011001	55FC8A42CF99	085 252 138 066 207 153 

011100101010110111010110110110110011010100011101	72ADD6DB351D	114 173 214 219 053 029 

011111001110110000000111111010110101001110101000	7CEC07EB53A8	124 236 007 235 083 168 

011000111010010100111110010100000111101100101111	63A53E507B2F	099 165 062 080 123 047 

111011001000010010110111111101100001100010111100	EC84B7F618BC	236 132 183 246 024 188 

111101111000101000111010110000010011101111111011	F78A3AC13BFB	247 138 058 193 059 251 

111000001101101111101011111011011110011110000001	E0DBEBEDE781	224 219 235 237 231 129 

101100011111001101000111101110100100011001001111	B1F347BA464F	177 243 071 186 070 079 

001000010101111111010011110111101101001110000110	215FD3DED386	033 095 211 222 211 134 

011101010111000111110101100101000110011111101001	7571F59467E9	117 113 245 148 103 233 

100101111100010111010001111110101011101001000001	97C5D1FABA41	151 197 209 250 186 065 

010111110100001110110111111100101110011100111010	5F43B7F2E73A	095 067 183 242 231 058 

101111111001000110001101001111010011111100001010	BF918D3D3F0A	191 145 141 061 063 010 

110010110011110110001011000011100001011111110101	CB3D8B0E17F5	203 061 139 014 023 245 

