DECREPTED TEXT:
I gave a cry of astonishment. I saw and thought nothing of the other four Martian monsters; my attention was riveted upon the nearer incident. Simultaneously two other shells burst in the air near the body as the hood twisted round in time to receive, but not in time to dodge, the fourth shell. 


BINARY REPRESENTATION:
01001001 00100000 01100111 01100001 01110110 01100101 00100000 01100001 
00100000 01100011 01110010 01111001 00100000 01101111 01100110 00100000 
01100001 01110011 01110100 01101111 01101110 01101001 01110011 01101000 
01101101 01100101 01101110 01110100 00101110 00100000 01001001 00100000 
01110011 01100001 01110111 00100000 01100001 01101110 01100100 00100000 
01110100 01101000 01101111 01110101 01100111 01101000 01110100 00100000 
01101110 01101111 01110100 01101000 01101001 01101110 01100111 00100000 
01101111 01100110 00100000 01110100 01101000 01100101 00100000 01101111 
01110100 01101000 01100101 01110010 00100000 01100110 01101111 01110101 
01110010 00100000 01001101 01100001 01110010 01110100 01101001 01100001 
01101110 00100000 01101101 01101111 01101110 01110011 01110100 01100101 
01110010 01110011 00111011 00100000 01101101 01111001 00100000 01100001 
01110100 01110100 01100101 01101110 01110100 01101001 01101111 01101110 
00100000 01110111 01100001 01110011 00100000 01110010 01101001 01110110 
01100101 01110100 01100101 01100100 00100000 01110101 01110000 01101111 
01101110 00100000 01110100 01101000 01100101 00100000 01101110 01100101 
01100001 01110010 01100101 01110010 00100000 01101001 01101110 01100011 
01101001 01100100 01100101 01101110 01110100 00101110 00100000 01010011 
01101001 01101101 01110101 01101100 01110100 01100001 01101110 01100101 
01101111 01110101 01110011 01101100 01111001 00100000 01110100 01110111 
01101111 00100000 01101111 01110100 01101000 01100101 01110010 00100000 
01110011 01101000 01100101 01101100 01101100 01110011 00100000 01100010 
01110101 01110010 01110011 01110100 00100000 01101001 01101110 00100000 
01110100 01101000 01100101 00100000 01100001 01101001 01110010 00100000 
01101110 01100101 01100001 01110010 00100000 01110100 01101000 01100101 
00100000 01100010 01101111 01100100 01111001 00100000 01100001 01110011 
00100000 01110100 01101000 01100101 00100000 01101000 01101111 01101111 
01100100 00100000 01110100 01110111 01101001 01110011 01110100 01100101 
01100100 00100000 01110010 01101111 01110101 01101110 01100100 00100000 
01101001 01101110 00100000 01110100 01101001 01101101 01100101 00100000 
01110100 01101111 00100000 01110010 01100101 01100011 01100101 01101001 
01110110 01100101 00101100 00100000 01100010 01110101 01110100 00100000 
01101110 01101111 01110100 00100000 01101001 01101110 00100000 01110100 
01101001 01101101 01100101 00100000 01110100 01101111 00100000 01100100 
01101111 01100100 01100111 01100101 00101100 00100000 01110100 01101000 
01100101 00100000 01100110 01101111 01110101 01110010 01110100 01101000 
00100000 01110011 01101000 01100101 01101100 01101100 00101110 00100000 


HEX REPRESENTATION:
49 20 67 61 76 65 20 61 
20 63 72 79 20 6F 66 20 
61 73 74 6F 6E 69 73 68 
6D 65 6E 74 2E 20 49 20 
73 61 77 20 61 6E 64 20 
74 68 6F 75 67 68 74 20 
6E 6F 74 68 69 6E 67 20 
6F 66 20 74 68 65 20 6F 
74 68 65 72 20 66 6F 75 
72 20 4D 61 72 74 69 61 
6E 20 6D 6F 6E 73 74 65 
72 73 3B 20 6D 79 20 61 
74 74 65 6E 74 69 6F 6E 
20 77 61 73 20 72 69 76 
65 74 65 64 20 75 70 6F 
6E 20 74 68 65 20 6E 65 
61 72 65 72 20 69 6E 63 
69 64 65 6E 74 2E 20 53 
69 6D 75 6C 74 61 6E 65 
6F 75 73 6C 79 20 74 77 
6F 20 6F 74 68 65 72 20 
73 68 65 6C 6C 73 20 62 
75 72 73 74 20 69 6E 20 
74 68 65 20 61 69 72 20 
6E 65 61 72 20 74 68 65 
20 62 6F 64 79 20 61 73 
20 74 68 65 20 68 6F 6F 
64 20 74 77 69 73 74 65 
64 20 72 6F 75 6E 64 20 
69 6E 20 74 69 6D 65 20 
74 6F 20 72 65 63 65 69 
76 65 2C 20 62 75 74 20 
6E 6F 74 20 69 6E 20 74 
69 6D 65 20 74 6F 20 64 
6F 64 67 65 2C 20 74 68 
65 20 66 6F 75 72 74 68 
20 73 68 65 6C 6C 2E 20 



ASCII REPRESENTATION:
073 032 103 097 118 101 032 097 
032 099 114 121 032 111 102 032 
097 115 116 111 110 105 115 104 
109 101 110 116 046 032 073 032 
115 097 119 032 097 110 100 032 
116 104 111 117 103 104 116 032 
110 111 116 104 105 110 103 032 
111 102 032 116 104 101 032 111 
116 104 101 114 032 102 111 117 
114 032 077 097 114 116 105 097 
110 032 109 111 110 115 116 101 
114 115 059 032 109 121 032 097 
116 116 101 110 116 105 111 110 
032 119 097 115 032 114 105 118 
101 116 101 100 032 117 112 111 
110 032 116 104 101 032 110 101 
097 114 101 114 032 105 110 099 
105 100 101 110 116 046 032 083 
105 109 117 108 116 097 110 101 
111 117 115 108 121 032 116 119 
111 032 111 116 104 101 114 032 
115 104 101 108 108 115 032 098 
117 114 115 116 032 105 110 032 
116 104 101 032 097 105 114 032 
110 101 097 114 032 116 104 101 
032 098 111 100 121 032 097 115 
032 116 104 101 032 104 111 111 
100 032 116 119 105 115 116 101 
100 032 114 111 117 110 100 032 
105 110 032 116 105 109 101 032 
116 111 032 114 101 099 101 105 
118 101 044 032 098 117 116 032 
110 111 116 032 105 110 032 116 
105 109 101 032 116 111 032 100 
111 100 103 101 044 032 116 104 
101 032 102 111 117 114 116 104 
032 115 104 101 108 108 046 032 


|||||||||||||||||||||||||||||||||||||||||||||||||||||||||||||||||||||||||||||||||||||||