DECREPTED TEXT:
cryptography and network security       


BINARY REPRESENTATION:
01100011 01110010 01111001 01110000 01110100 01101111 01100111 01110010 
01100001 01110000 01101000 01111001 00100000 01100001 01101110 01100100 
00100000 01101110 01100101 01110100 01110111 01101111 01110010 01101011 
00100000 01110011 01100101 01100011 01110101 01110010 01101001 01110100 
01111001 00100000 00100000 00100000 00100000 00100000 00100000 00100000 


HEX REPRESENTATION:
63 72 79 70 74 6F 67 72 
61 70 68 79 20 61 6E 64 
20 6E 65 74 77 6F 72 6B 
20 73 65 63 75 72 69 74 
79 20 20 20 20 20 20 20 



ASCII REPRESENTATION:
099 114 121 112 116 111 103 114 
097 112 104 121 032 097 110 100 
032 110 101 116 119 111 114 107 
032 115 101 099 117 114 105 116 
121 032 032 032 032 032 032 032 


|||||||||||||||||||||||||||||||||||||||||||||||||||||||||||||||||||||||||||||||||||||||